$ANSIBLE_VAULT;1.2;AES256;identity
62623834396664656430666632313235303138316564313631363864353738366638333838393038
3734646633636364343039396137333431303861616531300a356235656564643062343163366138
35333836386265626332373736333030383932363833623262323032353137636661623130376238
6537366130656263310a386635643630313031353866656362643465663432373136303437393164
36323136373036613961623366303833323331376533303765393465613364376639353237343735
37333535663165323138363338363934353761313166343031666263633766643866663631376538
34343336383365393033373833306262613131313836326463363339386634306436653235316130
36633432623164313065616439613932306338386539633364656437376461373433346138613163
61646130303564353138326634386564353538616533623866666634663737303135633436393462
39376332386662613961363531323166323830393931383564343364383662313663303831636135
35356264396535373233303130636262373737316362346538613132626164666635656165656162
65613630626430373362383833656530623331633336353864376166336635316332356566343563
39313562613532633732636334393639636130313962616435306461376362383965616662383161
33313430343862383635383431333936663332396231363266326163383432343639316665353936
64616537386132333436653930333834633363373830373464383633663136636133636637323338
39363966646466393537636366313064353736623032366231643964636536313464383762613136
66343135646561626636613930666431373031633661393864653431366466326134396262636461
31393066333238356666653966653164396465653234353735666430363564643563643938333636
64623062316564316232623338313764376461326666353561393939616661653463306236373335
62363565383761386166616131303664343264626364396636306337613930643331616266303561
30356535353730663635316234343063653066326134373466393262383832633561356130353863
32666333623730663162313936353864316265363762643063333238663832613263336130313632
34363339616361623932373465343433623239386161653433316637396438353635306666616530
61373932396338303166663335366439353033333234626230626664363061303335326234656661
31626636313864303261646630353335313834616461643739626236353536336563336432613339
38373832383831373534636530626634616566643034646530323439376264666131313931613665
35323065326365383663383037323937373339373964346430643037333331623136396162386566
38613466356565323366643234666365653034323661316164336631393130376133613962376436
62633865663232663334376633386538363331666265383136363463643166643765323964306531
36623034343637653935613230353938653135623831343134666438333062646364633034373435
62626230643930363137616437313866633036353766666663376131326535376666613265656363
30613462663830653834313237623431646662383837356132306330333866613964306336356637
39376638386666666235363961626561313431313730663432366562383832656364653133376539
38313437633537333138386165326565323262396564663037656461366364646633336163663830
36643265326132663837663636656634386463326437646631323232396438396338666230646331
65373361333234613039303166376566383139663433616638303466656237363761626435613532
66653235643234636133626537366363376432666665623662386366313138396162303230386164
32303332333463396139656334656633633233393964363637623931636563346636333435306665
63643262313964343734303733303030323532616466616435353233396633353133323962333934
33353634343731303537306230336661616439633463333562623331323266363066626236303134
66363437353134353666643663623439393836336231613236616462623537383038363136366463
30616631353665636630306138623534333236633136383433313835343036393866653532643633
34316533613336393235616637626631633063396239373137633730316536333865396433353032
66313333656362333561666237353964623737646465633633353064636533343164616334376564
64333532626666343638663931323663613866383664333263393962656130396134656334376464
38326665633036656165323061326663303630373938396137386366643239356336353134333034
32316239373738376263316363613539636162303034626561383334396563366562373931303566
37313433366134383934616430303861643130346263616433626464653431373561373364643830
31333766663866313530633565336234303035616630303666663034323533386434343731326563
39653166303636633666333237396438373236386362646666343639333430623636663362346234
30323064356330623363613561623161636333383732303037393064616436363531626331653034
30366636353066333066346161616365666233313862356565316162333661653965633563393530
62393064356232373836666163643631633761303065393332646438343330306536306262633031
61303439373430383664326464633965313931396139313239353538313462613637333863346331
34653563313237303032623735313065326266393734366530313763663739333162633766393833
62393735316136346461666133356330336639323739656439626236343532373534356564393835
61316238633231343436383865633361393332326461363261363337643937363762333861336163
61336232646631623439363534663939633835663730343334663833633836386266383934313963
35643030666138346262626666343938363034323863616539623131343132306233663033376630
64646436386263336634396333313136646232336232343531356231613065303364333632663230
39623832643066643535313232376335353531666330323565303566663439383666363162373966
33613531383332353936643261626632316639346564356361626636393035633230343031343462
31373439333834643762643563623563653435303938613237623763633834353330313639323138
33353431626333636461316466623739346465613132663164636538666432666266326531323333
64353037313265653036383931643432326639663861313731623666633139373731633735353136
65363736383231343161346438346231373037613639623731353439393533373465333666346261
66306639643464626431616232643032353366333564313738343866343462373832633335326531
36356231616331616233373332363164313361643235323766666230383638383435653662346161
65613433336231306564346133393466313266613732366261336164353436303565323131366232
66313230333761666134626537313563643664663164343165653231613939383233343331623164
35313233303233343863623137346163313835623335363063353561303939356635663336346131
64663235663332646161643732393562353938333564326539383939653834316364386366663933
39636337643730363262313862643731633235393733633032336436613363303561326437323535
32313531613934393031303864623964353465653466646263326139383736346237323163626164
65643239366638326539316434336161356265633032636366626537663763653037633736613938
63656135373739323831353938623238646637663137646662363538323238396631323837636162
65343634363666383863373262656265393734626530663632316537623139643635373934656562
36643766386132373233666563393536633837653939326533643136393533393030396162366265
61316131353163383631393462383138356262376462343737333463346261316535663836373737
35663261303032366663653635366339306164356364633964326632323132626365396462316435
64393165396338316339356162633339643539303631313136653765623431646161343237616539
37353336646435353635636663336161613434616361376537626135666261303939356331613132
39363663663539333434633966626136373766643562633737646237366332353161396432646166
33393235363137333039326338616636303033643138383935303339393566663731383036613031
34376335363234393064643534343736653731323637646265333535383263663138626562656462
30623964326438356162323638396139343365353565363962623764616633636364633635383537
64323639386232643331363934346463336330393638366533633765643863303239613631333038
31326234363064363034313333653532643830666166623439376537626562396564623562383233
63343935393030626335623632393936343066303135613662323834626236363838393236366435
31386534623561616161386363306261373465366535303463613261313931666134616531313766
61303135396166386261663666346163366665626266623433343563656262336465643830636639
66393931343666343530366331663537623437393639636432366138623831653335306334336465
63316233623863326363386636386266333037363263636664313434316134663566663562306539
66363530396531323764613530633331346264303564633336646234323038336236313539323661
65383166323830333032343434393261383331343637623833663930646234636536393566303862
64383262313030646137623730663237366534353239643765666665373463356236663235616135
65636262626537396235383738333163323436363035396133303435323736623535613734653566
38353264303438386561613838343836343731323864663932336435303364656633626237333234
64653130366462663632356666643739626138353938653834666135333366343533333032326534
36393038626564336361303737656465326237303766383333383866666233666366353263623931
66373639303561656335336538623439336539373039333264393134633661366366333437636230
33363661303739626235653263386235313232653231646261313661633966333537663830336461
65396665343936383665346465623536376132303961343631386362626238333034393037623463
63303737363533623637323336663735643437636334616236396538643738633930363535623031
39303133626461313139353632303534393032643463383265623232316132626231316537323531
66613665303966346333353664663636353266333937626230356639313965393837646530326531
61393832623131353664316335313736306535333939623163363235656662356132386632643436
34356131313738316363
