$ANSIBLE_VAULT;1.2;AES256;identity
33343832653232646331323339626138363838663430643332346639633564623837333930343236
3237333232343532336362343366326430303765636536370a663731343461643439313034663835
61643765653033393435653539643462356135626465646162636233656561613336326536643635
6338323538623466360a363266643638623930633736613330316166396337623538633232666566
34393130333536366131333030646163653239333761353332643135356138396336386566323036
64303035323066653737616335386131653936353835363733646665653962306536646433626134
66396430623035323632353534346132356133396532653230353666626564663837636564663933
32323965323330383162663262386263356335313936393461616435666565623035363030303137
34623634623136383830616235343230616537373463333539373139383631363662313637353262
34393337313637383132313535316464646130343261633030343433653531346236303430356433
38663038653238663737303936663464353433656165396632366533663439666136626235373534
37646332373963663331376136356539373931356164666666383236666530626566666561346261
31303034626637383962313164363830666462333832323930393539623037376165373862383835
66633463633339616466366535363064653561303036353266393365383562643230303462346233
36343833636131373036316132396636353131356633643630663461383839323234353066363565
39356438336435613337326464386134646434636139656535396464333665393338333930653338
35393332323338343536376630366239303130303237666462353839653635613162393130373932
62636135336363613661366237626431333435663534343638613566636135636337356332373065
61343861333732353634616138636436333135376131653464316365646531663338656535386236
66653264363866636539633839623538313062316234313930326635663266633663366564386466
66376630616531343938626365636264653864313036343263333935636533373862373230616165
36613436306139653639316263356531626261333963623333306338376432633763373639393933
63636538303964323963643037616433613938623561313037363835346330613230366562373866
38663066383137313232666339643263323430646338383638626533663337333263643433346566
31656438616439626331346536393937386634343533396438343666633230646664636232323737
30306633663135303437623435393839383034373938636262663737316665363864646163316464
62613462393232656233373131303439613465376166343138363434616331313465343131376439
34626438363130383334306361323031613935366263633230323962663430396137383537306264
66353831326666353865623362646439393631363530383938626266633537333835626261316664
61336637633762346666636466626531643963656661646463346663383230343230653164313766
38313034376162353364386630616166643633393234366134333132333066316264383061323463
30363866373333636666353362363934396561656163636532383434363163363563343566353562
33666261346336613761616464313263663636343061326534623133306461336330333066343364
33353632633738396331633765613664333462313236313132323632666261663166303366353166
32373434383665333364393936376435336136633530666230323163313930383661386234336563
62313064336339393738333638323437386530333431396438323230663030363532323663333330
66666637316134613766383162366531393665313934356332343762376162363133633935306533
61643765346461343466326236336133326466356332396430653531356232346566623134623966
34643534373765633037363137393939313838316466343539646335633463343965386464373565
37386433393939363964623465643462626666363535343431326135633733613465663261343666
61613138313862633932303436613861393761626362316437306666323433393363626134353666
66363065313230303836366136306561666131353266613663653137303264393664383466643538
31303463656466333639646336336332393961373933336164366631333138373837616132313639
63346363613665383237646461646536623433323336666164373339626564656531313731373531
65623939383563346632336232333639303334376336653462643665316639326262366435643831
33646137313135383534303064393864386530346365336562356666343238663461366564633930
30323562363764393233303936376237373432353130373338363766636630623465623534346637
61386631376231353739343532663333346566326436343637393938356462613739316438663536
66353662323036643436653861363630386332336166636438323533663563343139616330626563
33613639653436656665643133303763663465363265393335373130343332633134303135323330
63633537653263326632333533333135613564343039623834326237356266316633323663613735
66383137333731303164663136656162356430336439613533643761353036393931646361306539
30626437656232316235333237336161373131336465633664366562396562646132316365626538
37386536303334393264393366303964626566616365323432303066633961323134306236613637
37303331333565626233336561333435616635366532633431383237326664326135623561623138
31353561363466393034383238326537643562663164626565383633383231363931313239613033
39626366613866646166396438323166303935393432303739633630646433613864663166316333
34353430656663663731343239326466343964353038363532653739336635666166623563383130
64383536343135373635303264363435356633373764623337303834376131396166656230343039
38623634383063386238353362623738336562336239353564353237383236663033656466313731
37376635663334613365316433623961383661356262306566333135313466393834633533376232
35353030363930373939343033386461643335376131346266656537356232383663313838383231
66353738633461363538613932393262313634393534653936316633306533376462356533643031
32363631393065373230366634396633653737623662613638393564323830643830623666666661
30323434633435316162323565656632306465343030383032326636303463353066646664383434
35366661383863666466393735613930646363633837653834393337383035366561373565646362
30633631626338616438656662303564336435333933623037313437656534396532383231613530
36636536633432646535306633353631323163356535363832313535616662643637666333303463
61616636343631313831326130323837613330333036373635376637366338656238343135303363
32336661613664663131353438386338663465666434373133333163326564393534343132663336
34313633303463663166353833343630393533656633366533316333636635653262356338626234
39643661626663373735353438653731306561626263643765613263616533363430653839663331
32366238333061326231636163316365636433376161396636666162666234336465656238633566
36366139646639636635653062363032373662326334643532303337313130623862383462313361
37646634333436623735346439666438316334366331366363653739326666633131363337666165
64323532306264666537613631653665363030366635613039333761633062336162363465363838
38323437393165633233646630353038383134623134626234316336323634366565333662656431
66306436373563633961316439373565643037353762373566326633366463663236346139356261
66396664656636366439666135323430616635633262653130376665373430616533616165633535
66353661333933316661353735343663356531626532333731363032656565373762643363323035
34303238666330393339393164656138623838376530363735653433643239616262653733306433
34626139646534306438323238353638636562646262353538303064653761346234626138316232
62393466333061346561393866373736643937363232363933353136376433393834633162383062
38396130623561663439633330386130313030636161373935653230323332656563646435643464
66666561643761633239346162363339326630393733613339646135396338393062393066313863
31656534336338616433383066663533363463653866373461343630646330666336663731386665
39646239306265636335633437613137373262373663393930333133386437356339643533326236
63333961343433343134623034326166616439383430323063326631343337373637346132656462
36633934643962313339383666383039393662323336363436653961386332383634346666336131
30643365633335323131616265656433326464353435383866363535643534303539303035393036
38306237373630316261623835386234393234366538636332656332383130636437633963393666
35656461376566636336366235376630636534333637353139333531396338353462373665653436
65653931353436336165373634643066363232303366653633656263316237303331643535623165
33666465366534353532653964376562373661656538353365336661626263363565393130386662
35663465326463316631643334393962386430396131346539396637633434646631343265376132
38336664613036386235396164643832306563656339323035323661663865373836323662633962
61303565306365353631613331353533343165313130613866613838643930333832353864346231
63646332336663326562376663343232393834363265613538633536623536303965316336373230
61656235656363316139633562343935616133666632353338366134643335316232333430313632
36333361353734666638626330653766326663663662653637353632353131326165393163343464
38343839626662363037646536316165343133383236363630303438613434373532313237313665
32373030323962363932343465326334666333383637373538356533393062336338643736326563
31396438353531343131393363393435623239633139356264363363663530343130666461643864
61316562366566373237383433356438643536383532306530666666626166663265313731323235
66653234303331306165616462373061366138393765656134643839346339333661343563366330
66386631653435613061633039356663633761336435633535353166633638333962643565393462
39386133396637353161616162323430616463373765616430336436386462386236613666633464
65396438353334616433613830396638616561666665386135386365343765653130663166373238
64633265623636306138333738303634303231656236666536326233616534343065616234343237
65306538386566623364653430363762373632613338623132626465373565363531353339393537
31383032366639343564306232333831303565363462636366636537373866363238376662663533
62646637646438366537343137336134643062393438623732353566663562623333373761343562
63393931316134386163313964646230313936616265303536376438326633626663336531656634
30326136326361613831663735363933386532666233336466616563363265343064613166353531
32643764393464653061663631373838396631393861313532613861373337626538323962303164
66666463343832333935326437643236333131663763653531303665393934633663343966656361
37613434633535386135646132633762653630626635323661343766363361666538386562333637
32343234663830333035336466346638373434633463303936393861363930343337383030633762
31386463316538643037656235346165643133393438336538613865396534616364353335323464
36613036346462623736356665303237313833666266393763306463646138316665646236633834
36316263323633613135633138646433373139303633306338303135623131343737643931393563
64626136363739386339303035343665656162666134396364643134616235363632643435623330
33636465346432653137376134393563313630626632313132303638386430623562376263626132
61326566333736653965386435376331643530316263336663343664353039306639393839396537
65313730363963336330313631383737383239306139343431666336656461393337393130383334
36393362633865343338376237646364616466653538353439623334393866356332666364333566
65373466376262646334333932353539656237373330373331623933616466616165353334643663
34396431373166303438646666323865326164306334653634316439376263373762326531366337
31343539623737326535613764393335613166303536356235363432636433356132623563363933
38306131323233336162353231646531626437313766626536643239306637353233323332633534
66366431623639336461636566316462346563313961303738623930626261393463353764373135
36363739633038343062316665343537366561666334343532346332643632343838326338656231
35393563313761313733336664353965303461383436646665346264613232613137393535646130
31306130303530373130333735663561346138363534626365393435366534373338646338666533
31656139623631396364656236376161383030346334666464316661383231326361303430303561
33366663353138646636636361626533663237353036396631616338343664343932313231386630
31396539303861636363353961333939663164363530626239626135383230393539396336333531
35326161386663366436356333313939626633386632666332316338636632353364306265343832
62613934383262333231656236646365373833346662396535343530323236633631396631623231
63323331353135623166656362313563306435616565643639383663666531383530653336363633
39343836663636633239623137636130386437393939343639316262316137653435313063393061
61666161386365383136366162343365333862383535616663303261623261383837336231643765
63653138323731353033343964633965306663346163656164393439316138353839356439336635
62633464333933306265383234313037656461366162373030326234653336373562343830663332
33373534666637363033623266663264336535396666366264333939396231616532363138346565
34366565636262363139333664393034623534343838356666356235626166353934623536326561
61363137323239393834656631363332653830626365643831373933373637323239663765646631
61623837633664313230363162633036666535336335613034353733383361366230366261386465
36326366646433343332636138383461393133666466663762636131383139363239613365663038
30353938633362376331363233306465313430316666376639663033303062366466626232396564
38633337616439323865373237396436306239316439616334643361353231343661363764343830
62366438336166633033303630346338646266346461303862653435386230616137386362343864
61326534386437313737626366353238353964653062646238366536383935343361623932613464
64636530646133616233323237353465373034626261326562363832333739643431653561613237
34333833616332366436343930643538373764303566663537353738363236376364396562393762
32656264353064316231653366393064336230386632383063303461353963653966373232366430
65643761393635663835323730313464343565366430623765643363616234366332323332386161
62663633393261363363643362316164303962346131613233623564313633363034666532623837
38653361326430613432633261366338343164393735663663353530313136386437376466656462
34643733303036636438626230616334303739653036333439643430663665303330643066623131
62653837376438613862346333613764363363623331383431386162373036366536306337353530
32306434663665313539376463386130636663646663646562623061383531666264643738303533
37393462323534333933363437303438356132653834316230643433666439643634343834636564
63616539383961663761326562653930656430363935643730333261666531313439663132643030
34666535396132383436643035346538343235623332376634306264623136363636323433646138
6636386635653263363533363336366635366232386534333662
